64 88
15709 32048 28095 23976 5148 15718 32262 24412 1963 18426 16588 14532 14974 1437 19406 31040 19656 27337 621 29753 2971 31316 24055 30806 6993 22086 2856 1779 8492 21224 241 8143 12345 16413 29815 29956 32122 23797 20063 6973 8003 10624 1353 2595 23525 2784 410 280 19338 30114 28287 9256 20832 4687 7215 25916 12282 4157 22384 3473 15603 6827 23132 31593 30676 9229 14949 26625 2103 31653 30615 18882 26413 24915 4381 9915 14302 2990 17159 27471 4975 21587 20810 6443 19497 32382 1032 25212 
27607 19415 14610 1374 29039 21390 11948 31639 4597 20393 27536 21125 157 21661 26677 16213 560 10012 23888 17270 20400 9263 23452 30029 3135 28548 4310 16683 21053 23561 24076 13948 7089 17082 8984 13633 2538 15286 25448 4032 20582 28057 10240 29817 18162 26374 17089 13405 26387 13955 22251 14651 14501 13450 19169 16507 29122 13276 1836 11790 19941 3097 9923 2981 24655 12942 31881 2081 26026 21838 4632 2891 22765 11396 957 12742 20351 30215 24003 17730 24735 20271 24309 1265 7171 24808 17502 21055 
21439 4612 595 5566 15721 13270 3764 28767 11899 23804 8302 3304 30712 26236 2116 9634 9555 16147 1744 4690 8844 2249 17348 29291 3484 13513 19062 18306 14099 4464 12188 5122 5632 32420 17491 21025 13073 15463 31335 22291 20219 1963 24014 30333 18460 31080 18293 31276 863 23533 11584 16903 23649 27252 13132 8258 24786 12024 25207 17877 23325 29259 10274 21293 28747 29283 821 24865 21796 21236 612 5671 24216 31813 30641 7112 29022 23612 1330 2129 5339 15802 26389 4300 11589 10799 7905 5934 
8456 2405 25598 26834 28009 29600 32120 16678 28265 27113 26880 25765 24044 26791 29492 26629 19994 2159 9504 30641 8966 8477 11012 13177 20365 8996 6231 29320 22914 6946 11533 919 26888 5048 22 15713 26430 18840 13095 29527 28706 26079 5052 8852 7087 12966 19806 27411 25161 32211 4385 10528 8283 7733 22130 17164 32063 20177 6415 32549 14686 21622 14423 30181 10136 8600 23492 29802 21990 27739 182 25382 10557 27373 5490 1240 28854 10777 17770 8635 13293 12825 23231 29437 16550 28076 22788 25202 
15287 1897 13637 29322 14626 12627 20295 25217 8065 2733 4114 25301 23207 6160 20909 28157 8580 442 29737 6488 21321 3113 17376 29284 12237 32489 5375 15408 28463 28074 14402 8468 31934 6037 11519 11423 22805 20704 13414 8657 26506 10912 10759 394 10954 19679 17813 21827 13501 14063 10729 4604 19888 23037 25929 10101 5810 16873 18155 4001 11070 16470 11701 29272 1563 19965 13383 12620 11649 5702 24123 28734 27261 24857 10923 28018 3990 20209 12276 15968 4785 6963 9402 17580 32306 22719 31277 28504 
32100 23748 27530 7225 2075 19416 9956 11687 29080 32072 29476 10361 24236 10412 30543 28209 26401 4543 1799 26483 26197 9838 6229 12988 16168 17199 18085 11088 5912 4500 1810 23668 19627 13600 29156 13534 11534 14937 17751 3690 11515 31774 1439 24078 10463 29499 24104 8208 28733 9275 10274 21622 8269 8062 14909 8127 4586 18315 26033 25552 24235 20902 17538 25905 16719 13478 15618 20601 21854 31233 24215 13319 31245 9513 31678 16883 23650 9499 9552 28228 27802 1076 27397 15716 17096 19015 1334 22225 
14014 17646 19431 12308 12080 10781 7940 25591 27671 18685 9195 2547 20564 15607 31787 8680 28310 22286 22923 26641 23933 12659 4943 9526 5888 8531 8374 20259 26380 31476 7367 3418 11629 23552 14157 30213 30450 28705 14113 5934 12748 25549 29095 8242 312 31076 23451 16243 29790 29816 5902 2126 9336 20331 8875 30029 32310 28480 3647 23197 14945 18859 22649 23746 18880 12650 23022 16265 14392 15576 24927 8510 19254 31424 25919 30240 24402 26991 28272 22546 18732 25613 8270 32403 15770 31277 494 29424 
1286 26018 27815 21688 32273 4756 17362 17009 13180 28116 22991 14985 2377 28013 9801 2192 17693 1916 12730 4772 30185 2881 23089 6956 32457 4213 21843 19145 18733 28894 5023 5769 25142 34 26871 22110 1891 30169 7772 8143 26220 15845 20730 14574 5230 8966 16996 14218 73 1961 32288 8357 25670 8449 30822 7208 31486 26713 2597 4310 31607 13993 28231 15487 8335 15975 9270 7286 16286 22431 23455 14917 12887 21062 19830 12446 6127 17100 9786 31893 12674 31984 25978 28429 23986 12504 22168 21104 
30609 24161 1741 6308 7361 4788 23661 9530 7897 9242 13164 2024 9227 24593 8994 15161 15108 24479 20811 15235 26132 30182 30290 2586 24975 27897 30415 28867 10611 1262 13902 6507 586 26932 1874 19993 2386 4135 23705 29986 4060 14562 8098 7580 17906 31572 20589 12308 30780 7831 21122 6020 25893 10620 2868 30335 27961 24939 13607 15535 8913 11114 3344 12417 31987 891 15292 16671 12660 32299 8532 13471 31327 2152 26079 1657 19099 22931 29448 2623 13767 19414 15137 9864 3945 3768 29033 15406 
1352 26606 6026 3513 14614 30324 1126 15130 7506 11229 18451 9629 6509 28648 4388 20505 14636 8787 30507 3945 27469 28404 20092 7968 4973 10245 26931 28281 29481 6848 27000 14733 11908 4652 2305 17097 28552 31798 31193 16542 27953 25859 17504 21370 22918 15493 18068 6136 31497 6732 14478 10580 30033 29599 23119 10273 1270 30668 11965 6462 12973 1724 26601 12550 16820 30154 26771 24263 23921 5845 32496 11381 19030 13716 15531 18080 7687 32554 4137 16548 17087 2043 785 26912 18928 25533 16908 17065 
21033 978 20937 29887 1085 20437 5445 18687 27554 11379 2377 2203 11799 25724 22836 19976 26249 10297 12538 7926 10040 5889 28781 25221 26390 1799 9147 1974 24175 32630 25912 28703 5839 6336 3166 29412 12833 14130 19986 3042 11540 21453 12841 2861 8387 18257 555 22717 18324 19354 5463 8292 18784 10031 7655 31235 4821 14105 23445 25086 15385 19185 22365 5613 17072 1853 3205 10645 6816 16893 8923 26646 23251 3456 7742 21861 2236 25980 10079 25597 18238 12894 20937 13010 27849 5855 799 26503 
17606 15320 24485 30944 53 3671 24578 32122 6548 9202 29765 21178 12291 14683 22565 12291 7591 32565 31885 31276 19788 10534 10840 27441 4942 29486 16985 25128 3513 4407 16030 28535 20399 15597 22773 28997 23562 21967 31408 21550 13123 18310 22950 19515 30867 10870 26234 6673 29271 21140 28704 12392 27065 16503 8348 19903 11661 10417 14093 24142 15481 1375 8939 14909 23129 26111 25741 5139 5345 29058 22254 11121 31620 20130 18096 6144 3733 26230 31329 16552 10669 13636 4094 21251 27980 7574 21429 20241 
27587 29072 29679 31533 7505 9856 13966 21567 24460 26295 4979 20020 1026 30104 22596 30891 12833 6638 14700 23537 8276 643 29795 8752 26735 22766 26415 24803 31565 30380 16683 5773 30647 28786 12551 12459 26760 27586 13328 11751 11791 29373 27313 12430 5813 14904 5690 5444 27360 3601 9185 25079 28695 22467 26887 8465 10086 29497 29884 31986 19204 17888 6788 12189 20275 19456 6747 6833 27240 4172 2552 7068 26796 16824 25423 28683 20034 23434 23641 16036 3466 5044 27671 6136 21541 865 8405 947 
13146 15822 11180 28182 10168 18779 17738 2472 17405 12002 20470 31016 823 4935 23246 21957 1577 3920 27219 26002 16368 14775 10792 5684 21991 6014 27671 4061 14023 26243 6229 29823 11539 30292 29447 7993 28851 836 23300 30742 31710 18367 26077 12278 10046 14298 32027 30924 20815 6958 24775 3594 5385 30951 13104 8538 21438 2584 29160 32655 5701 9810 16 475 2392 24180 9685 8002 6459 14788 10555 12878 28830 18751 25626 18181 24261 1326 31589 1304 26854 10490 7090 2653 2771 321 24311 18815 
27352 24617 16274 16629 1255 11253 15501 7728 4338 15318 4895 8473 10393 30467 12662 21434 28677 27147 18099 27195 17940 18026 5175 24337 16310 91 25629 8050 29335 32494 18695 23564 21246 4698 2846 20982 10485 9364 26196 8167 24746 22561 32237 31654 14869 2344 10557 23489 7131 25803 32179 27010 3442 2743 14870 20255 7302 27898 30479 13873 12700 25110 16616 2663 6134 7507 32403 21628 15542 345 18926 16742 26950 253 7493 10705 31990 604 31256 11723 27111 30758 27935 14529 31017 9533 5004 426 
6688 15999 1424 23426 16684 24287 18976 27130 6536 443 14329 3694 3699 30570 26594 8471 28558 2068 7217 19074 13446 14534 16784 4416 9202 26309 27905 28640 24959 11555 31520 1818 10058 18577 13480 16461 11917 28020 7225 29740 2942 17467 18777 27059 116 32751 29880 16737 3148 17163 6584 8353 14347 18063 20780 12681 26564 30544 18784 19142 12989 32146 32603 21463 1741 25304 7520 14714 6920 18939 8891 1636 30111 28026 14522 29749 2305 22545 22777 2219 11334 2957 10466 4886 29390 2526 11893 7692 
10021 29806 16965 10589 27946 13745 25283 16457 20337 26878 19647 16369 15333 29853 32044 25100 13234 2593 36 24539 12898 247 12588 16735 4165 16192 20664 11465 25623 9436 4850 18994 10205 11463 2999 3980 9488 14505 7138 2265 27645 15016 17358 28827 23148 12673 32534 11403 30080 10967 3487 653 6878 16331 19929 6628 19729 16332 3137 7330 7982 32176 27691 3427 947 29444 19902 9531 693 11681 21824 19949 6971 15232 30612 3166 21477 2256 12288 28489 16081 25669 17204 22067 29886 7602 13192 9378 
19314 29402 19078 13706 19290 16004 23464 8968 10353 7629 9314 13906 16994 32706 28003 5103 28657 21294 20761 30755 6551 18097 19315 6062 26476 20242 30442 30902 1611 26582 6850 22529 18480 16914 28301 28263 9188 21885 14066 10887 22493 1993 8108 12986 13407 24116 30421 17221 20712 27994 11621 15571 12491 31565 16630 30498 6939 2023 29386 11260 10698 12127 28686 3689 21522 6939 20320 25123 30740 29893 1936 10058 10176 4001 17315 11865 15604 15390 14366 10329 30952 31147 23937 1876 13001 31435 13329 17165 
22948 12140 29914 21998 19846 18805 21493 1602 21474 28574 14343 20388 11058 4740 2826 183 481 6141 2128 24856 21609 20648 11204 29585 30393 27593 9844 10384 19673 23892 31820 5335 30416 27208 12068 116 29638 20286 6910 25076 102 13634 26504 6612 13446 26849 13033 568 9226 1923 22969 9951 1797 5884 81 14679 11554 15197 16710 5485 16451 32528 9520 27112 6759 24868 18352 22903 13009 7653 19889 10215 26215 26032 4333 18329 8024 30213 9395 23348 8193 18654 6120 32663 29970 20031 6221 29202 
21228 25615 23295 26325 25166 38 28228 9128 16433 16551 22660 13021 13552 22160 10390 17027 26284 32399 23358 989 2799 31768 14835 7955 23439 19124 5861 3878 21206 31132 2622 31273 29407 25990 5288 22959 7235 17599 19216 1920 14326 14714 28586 656 14443 24168 7222 49 13823 392 24961 7559 10900 321 46 17724 4220 32686 7862 7542 26778 24633 8366 4614 27587 17259 841 20195 27498 29954 25373 16086 9597 68 3882 25206 3978 24212 19736 4951 23846 29763 12992 1919 17807 20392 14574 10521 
19600 24179 27493 5742 4773 3390 23076 24080 28768 1381 12264 19288 24843 32024 4594 22291 143 19886 11530 4217 8341 17468 5060 4703 14570 24679 20994 22701 14120 30070 22970 2577 29075 25004 11514 2549 16705 20436 26921 26287 1918 14109 6031 30712 8814 3368 26392 16800 5364 24160 13140 28288 26067 16522 31939 30639 31251 21404 13904 19449 28327 17619 3099 2956 13644 2048 1915 11253 30900 15139 13380 6219 3044 26682 11077 8618 26843 6491 9749 21475 628 29441 16 626 28045 18596 18588 8625 
9577 24460 19121 16459 28499 21478 11672 13554 8580 21528 4850 21589 20807 9810 22013 17228 11355 11365 20499 14678 409 23001 18035 18246 15574 20537 25924 30265 23051 5554 27607 21195 5044 6621 28205 14475 20597 31960 20409 29100 5123 19611 23398 32509 30530 11401 7388 7195 27563 6982 24319 21476 19953 19145 29625 14640 3044 16050 10490 6076 24981 9437 3837 12647 29115 7223 29644 23457 15701 24016 14342 4384 16017 31794 24800 19412 10989 11506 2922 15134 8348 20612 9492 10813 17195 11347 3440 11017 
2916 2833 1337 22755 20083 14156 3733 18412 16455 1091 8855 29813 30011 22775 24584 18103 9974 29061 5991 32452 16527 19122 22574 7358 30197 27592 25431 6471 27279 673 10015 568 11039 1537 10250 20374 32492 21033 31527 1218 21536 29608 13717 29167 19311 5237 30022 10713 9977 16187 26371 32693 8306 27892 28080 8547 27264 4281 20178 8683 24932 5592 2126 2087 11997 1064 13171 13757 25929 16025 6459 14929 22030 4111 23502 26360 10040 31345 22856 13807 27748 31740 11196 23181 18140 16094 27257 3446 
20739 26368 4236 26898 22772 29219 11398 27197 11878 24110 15743 26944 2003 2502 24922 7936 17113 800 14411 2678 992 14611 8599 19039 30973 17010 13723 16181 17430 12184 8464 2397 20551 6724 17805 14242 5765 26536 17229 14818 5505 28860 20531 27655 207 1240 11 19769 27464 31362 25107 14163 28845 17029 6074 10899 8845 12611 18599 405 15464 29259 6141 8578 25364 23086 32478 31365 29536 2703 12334 27774 9208 7290 27033 25595 32392 17655 21975 17252 29732 10206 25646 27765 4328 19692 14649 32241 
4827 27415 7401 6549 26649 32287 2505 17995 22578 23142 16774 17057 23757 13057 2734 23417 28049 17935 31672 6914 17221 9033 30533 25575 22069 16603 15781 19654 7128 21107 14237 20451 18353 5783 24167 8990 4979 3643 25851 19490 21096 21139 1677 17632 21523 32038 7767 17468 23061 22052 27800 32517 9549 15609 11485 29995 24131 32546 24959 7980 23751 4415 30829 4048 4821 24170 11563 24086 7868 8648 19483 27502 18559 32349 15100 23080 28284 18725 27312 18477 9547 14688 5698 8685 3817 29485 29479 8600 
11542 8282 14020 20113 13051 2939 5425 4384 6672 28985 7485 11879 32317 31725 5554 16535 1344 7534 16346 32611 21838 15142 9025 27829 24317 24684 18109 14752 32353 27406 31404 30615 14197 26156 6269 27100 4541 1869 23410 2874 22314 428 13987 7159 14910 9171 19527 19461 10096 29547 27183 21880 17874 15187 12179 6973 27377 16367 16401 8200 1533 3523 10227 27022 17962 5696 21937 9205 85 3805 19638 6536 6123 18026 30055 21168 28423 25761 11874 29215 8666 18431 771 8527 4432 30162 11053 8491 
240 20626 14407 21260 19461 2164 4996 19942 30203 31293 12648 21444 6667 28756 7816 15217 32283 31260 18833 8824 19679 19840 11915 31567 15173 26320 18271 19408 7440 23243 26007 12264 11458 3837 22886 29843 2752 19531 2536 24328 14257 24524 25258 29744 3623 15834 14957 21597 32641 23401 5927 32569 6160 12696 29515 5117 3704 8070 26698 25059 25177 7783 25178 23773 20015 31703 16758 19079 4215 3693 2982 15194 20500 6292 5248 9251 8176 19862 15855 11188 26086 11514 13875 218 10464 10256 22313 19599 
2620 17866 2765 5232 28277 14541 22781 8561 6399 7112 640 16079 16242 18437 19782 25926 22507 31294 26097 9861 9903 14769 31381 27871 20242 13686 29372 25411 27544 3089 26798 6510 29017 12612 18415 14431 25258 26151 13576 23307 5369 30586 8842 24403 3577 13881 14161 17203 15360 24177 27142 25148 3501 24659 30183 10052 11469 16262 3275 1628 24703 31938 27232 21250 23191 15771 11448 18072 29761 9882 5636 19221 7655 7058 7071 24059 1620 23089 26190 8073 15641 8918 10182 25137 21551 25506 26990 20044 
17631 6610 14439 28173 7135 23884 21194 13747 12478 19063 14896 23555 27777 15952 20344 5878 25487 6331 23492 4271 18122 30998 10949 10415 28671 10516 6713 21836 3456 10697 17073 14687 12559 5889 7576 16958 17918 21718 19569 25066 12949 15234 25952 14729 10420 13681 26860 18454 27065 923 17667 29015 420 7184 2366 28943 15738 22228 12391 3702 24807 23790 9017 9190 24358 3516 22630 20183 6950 20105 13791 23565 29413 30817 5967 17424 6688 22564 7656 19421 2095 29914 11619 7643 32043 4166 14914 28432 
25169 5566 19801 1173 2475 27450 24716 11591 4333 22698 30938 960 27549 31117 8603 3206 22646 27839 11525 1153 17935 13970 24053 29619 27320 2337 24301 22563 5028 26337 10840 32026 28494 21369 18454 21138 22293 1748 1076 22764 23593 22132 763 29921 7083 18697 22061 16315 7696 2114 30603 10181 17863 9443 19610 29952 4379 24856 6055 1559 13146 29960 31241 22933 18743 430 27558 14166 11373 9700 19385 3643 10917 27073 28370 23074 9114 29733 19998 9750 21115 16018 15336 32450 18065 15166 16736 26924 
20257 8550 2459 12704 24212 21476 32220 9961 10453 5636 30482 5576 251 660 10401 6302 14888 31034 10341 3948 4016 30219 14324 21501 22654 1880 13092 32354 2484 21963 18382 19871 19602 29363 23249 2212 11161 24733 15961 27519 6896 2596 7521 29903 24582 6922 16502 10108 7289 28551 4030 5285 55 3552 30266 16858 26339 24124 2632 16268 25722 5300 8044 961 1334 425 9551 23820 17586 15450 30728 4541 80 23477 1435 32597 26840 12654 27839 20029 14177 15183 30949 3511 10613 16079 8053 19476 
2160 17125 25179 32552 16425 23582 15298 20731 18644 32494 30495 9409 26663 19523 7026 26636 3516 3168 19145 1089 20151 19433 15109 1096 17576 20282 11232 17032 21427 20477 32303 13075 7150 14588 20581 7709 6666 21555 17497 24243 15158 7978 21065 31146 26688 14722 19742 8405 19453 8653 31729 30331 22764 13475 27855 9479 21014 8690 25785 7938 23352 19605 4335 6975 21540 18472 23919 8533 869 26907 5304 14930 21538 6918 11475 6574 11077 28988 26004 21118 6107 9635 7198 27882 25278 31171 30629 28641 
16754 11804 21368 13068 12366 957 2622 3328 14300 31762 1663 12727 8578 19198 15463 21825 24417 12073 28871 26295 11133 9372 29021 30577 8734 9611 8789 8824 23415 28017 1295 2110 18566 29283 7203 12941 22331 2205 20643 29886 8668 25698 15520 7211 11688 28163 32495 1255 31931 7229 31788 26284 30513 18631 12544 28180 28558 13100 31136 30220 18014 9687 29334 30086 28952 29036 22212 30063 26696 12895 32422 8929 16621 5311 25815 20889 29984 2642 21463 683 8183 9959 8459 17268 12457 5864 6405 30929 
22771 25647 262 27278 15034 32026 20929 8994 6385 12770 3938 30617 4029 7208 25295 19409 6103 9425 22574 26345 22835 7188 26279 27639 4319 6097 9579 19193 3629 3109 20981 15887 2836 21051 2960 9959 25556 4453 26649 24696 29145 15979 17926 22771 3554 9507 32679 2038 32098 12353 25516 5379 20262 25457 5864 16946 27449 15267 17236 28450 23045 27046 14423 18485 1722 6905 24644 30205 244 17630 12069 24817 408 9647 28343 23909 14078 28789 2997 21433 7254 22199 18521 14544 24644 25744 30753 27331 
7886 25348 10447 17879 29304 13460 23731 1453 8365 24592 14892 18105 25953 15789 21613 15349 8693 31320 29053 27863 29531 25929 29057 3968 29562 15322 15166 21302 10708 26522 20954 12052 28518 25245 30690 2304 18895 13847 914 18654 437 18217 18512 11267 30821 26107 14713 27885 185 21259 10848 4913 16191 11973 20372 32692 21911 1875 25954 2334 23837 30902 8091 15500 29897 4886 18072 5766 26195 31574 9594 18480 9882 31212 11702 23748 13638 27632 29650 21311 8108 19058 26985 91 10995 15377 30837 19646 
26997 25801 25550 9073 16232 26637 4333 9363 6846 20758 7926 28751 25161 21882 28406 7691 24611 9728 360 13282 11085 16819 19711 12885 21654 32565 29343 2109 23231 16470 29356 772 10716 997 18312 3861 10749 18887 2391 23697 8462 32069 32518 15428 27644 22954 16523 18647 21274 32014 20078 12359 32194 7533 17032 12694 18751 5116 32267 8896 1770 12988 30914 4848 26004 6223 5530 23796 2596 30219 8290 15854 7041 31821 22735 17485 17843 24847 11971 11004 30789 13501 5070 29913 25581 31045 1526 23657 
31599 12142 14259 27594 31678 20074 31038 20713 16228 22958 18187 16885 24869 2305 8596 1555 29151 14035 4697 30291 17845 2257 549 2786 7276 1718 17554 18562 10517 4964 31951 8760 15597 31795 16289 9028 6529 4745 5800 30038 11798 939 18660 5887 17479 25298 3192 22118 24560 6530 1453 25660 22091 12823 14137 4850 24665 12449 18370 5673 11396 28145 16542 22122 13186 10484 10717 11543 21628 16960 10121 7329 31856 21997 31788 22780 23764 10150 5267 13392 30076 5375 210 17394 30141 521 32392 20882 
14547 29733 30820 27830 24960 20245 7912 12391 22774 26713 32365 4393 13559 25784 13928 18225 18747 5149 13803 10451 26642 16292 8559 2362 5706 7669 17872 28507 13907 25041 15513 14635 28321 5866 9602 32528 20306 16632 6455 19350 31505 28937 14683 31588 22330 17688 461 22894 1854 1506 16170 19308 14154 22261 20115 8842 31267 11530 2736 25697 15957 32404 2548 8230 7820 25241 4643 9249 4418 4545 25874 10081 15258 32173 19119 15279 27532 29321 31808 7104 32067 30437 21744 10671 12227 24000 27527 12714 
11471 16102 31097 17643 18442 18813 13090 16617 14684 9434 30032 22224 22167 21401 27650 10031 4187 19692 5743 17905 13879 16435 19530 14991 17936 14029 10309 20612 19143 2094 31700 19456 3606 21554 12339 22240 8635 30641 14506 14814 985 12116 31248 13829 25243 23719 19342 4713 17178 8559 29861 12820 3969 17725 19570 17987 20591 6467 24113 28883 5532 20071 14081 27382 20928 29078 16614 1066 11696 603 20244 3436 5834 22448 16235 1192 3220 18196 21822 5237 29088 16861 12632 15359 25523 23760 2881 13124 
24357 30191 4029 24452 12683 27794 2198 27634 32660 8121 12699 23216 25137 9889 24297 8698 24313 30613 22633 10658 16331 28935 3738 15548 3509 30943 3217 17306 13076 9747 19262 23035 2301 10360 18928 5503 21468 25304 4123 4190 29531 27460 31834 3162 18822 26027 1200 16882 7468 27820 19475 12249 31624 31913 12587 32422 23840 5405 14935 19661 4590 1071 753 30414 14526 4231 3539 12204 17879 30048 8473 32161 23773 25822 3881 28432 502 1186 4337 7099 26156 6301 5488 17974 21267 20513 10872 12700 
31147 26942 25266 32640 10375 7755 23778 10790 11567 4547 20588 28403 25796 11347 17176 15651 16354 8496 19474 31930 15818 3246 2101 16829 8897 24847 9096 16289 28083 5528 7177 4356 20764 19435 8618 10139 13097 24464 14234 30828 31002 5077 31429 14397 8682 21464 12702 15436 29746 14562 2332 21312 17227 19190 8962 10848 4018 12202 22884 4867 1713 15158 23399 15431 9532 6091 1864 13574 538 30502 9632 18950 837 612 27110 5232 658 31768 23605 19588 9620 18587 4175 13450 27838 20643 19939 12300 
15817 29207 3595 23362 27989 29474 29209 14030 3027 11143 6035 15274 31138 22580 28028 27486 1656 19737 28373 12406 8196 31034 26212 9011 21458 28931 8116 1665 10350 29404 10589 4393 4556 6654 3205 22344 1255 13189 7591 26624 28329 27078 19092 29549 4619 14818 2487 3290 4477 26524 20124 23861 10120 25447 10164 22977 21170 22211 26962 21259 30882 19146 2554 28703 17540 7430 5083 27131 17583 13958 20378 6980 2949 14641 3153 14392 22427 5978 10456 17124 1819 18836 16963 3991 23142 5831 11179 28054 
18941 8835 4914 18449 29601 13717 30785 21334 25273 29912 22292 6725 14325 31310 11641 4 29745 1135 15572 2548 27292 12225 11623 1507 7705 28329 30416 24707 3557 13185 12755 16410 13690 234 14170 14204 17332 21604 12474 9527 19763 7964 32056 4877 32256 16644 4300 10663 3699 14889 12325 3207 32596 1602 11756 12863 24896 22148 3405 3296 11086 7614 11700 5814 25843 8865 25556 5938 10019 3167 9198 13352 14521 7545 8528 9019 18969 4305 1820 3989 5140 19719 11850 2011 24076 25090 29936 2143 
12120 1229 6849 30104 12265 32165 18132 6864 31790 15440 6824 285 28726 1712 30308 12946 11797 30103 21091 15798 25480 13277 20975 3381 4828 13232 29517 26582 25355 20012 251 11437 15145 299 10293 8082 11518 16223 22717 22994 29429 1694 20956 13092 1333 12412 164 14046 2573 12575 4985 31080 9621 14415 26320 25073 27794 26829 12085 15458 32411 6630 1171 10128 2938 22343 12976 13238 18389 4883 29431 17698 5390 15923 29562 3886 24679 15086 20279 15218 32106 23993 23450 4408 32648 28752 28484 12592 
22272 27397 1547 14694 13570 22616 26178 25968 31508 5833 11066 32492 14774 27882 22792 12842 577 9144 23945 6949 4117 6955 8868 7864 3315 3340 5583 25614 29864 29191 18645 603 23532 15617 4054 14025 7817 24748 16527 14006 14528 21336 30427 29212 20456 1292 634 23120 11864 31701 25106 240 13959 2654 28531 8982 4466 21697 8479 29906 7230 6045 1290 16600 22815 25961 22686 12405 26488 19975 25090 20424 18244 9372 28316 8750 27572 22432 6869 23294 24857 3889 18204 3703 2565 1453 24109 28406 
14253 20095 20627 27244 8594 32569 26987 15376 97 28388 24684 18001 20503 32659 19748 18703 32104 9791 24452 18442 610 9422 415 13723 13902 10869 18095 13730 21719 20032 19289 3263 110 6127 27442 4037 17388 2820 28545 10091 22393 26650 6983 15429 11437 6264 14460 7923 1526 30694 2716 16537 7482 28864 19042 20367 7613 7752 3795 3161 30020 26944 18303 27353 16507 21177 11268 21443 22164 24870 17619 6738 14385 25524 28983 31289 25988 32734 3731 12765 24500 15675 9451 3265 22915 923 15525 29249 
23343 16211 16785 19588 23957 8149 5928 23468 8348 9348 16913 18767 16593 27590 19178 4139 20559 30810 15940 3093 30434 24812 28143 17971 23916 7654 22393 20843 26759 27018 21489 19227 1643 26174 29936 21515 5139 32550 13019 5536 7579 14072 20578 10066 32237 22796 5964 26719 8604 16563 21111 8641 28944 10954 10522 1118 9700 17807 16206 22400 3980 29363 16333 27524 2875 28592 13049 9430 13059 22620 18208 13085 2111 14270 28158 18610 7470 6945 29571 26199 480 23400 29143 3878 30806 4257 18076 30919 
13285 25565 28019 3046 10203 13118 25537 18660 10597 15441 31155 25805 26800 16542 13439 12939 1359 22654 9709 11353 16861 26669 23831 12666 6883 27424 21612 19498 17659 2457 251 5077 22070 11384 26351 32647 7868 852 22357 15524 29874 12490 15142 24025 30561 4373 3969 30290 3476 20191 30520 29997 9025 14935 1422 21807 27244 5764 9791 29878 9033 20697 18113 10735 12193 22281 9418 26441 30070 32541 26130 1066 21738 13763 23898 32224 13661 26345 8365 17626 28118 21642 21734 27160 3236 20424 21106 16608 
16965 2108 1879 18611 29574 25994 14965 29567 14060 7992 5132 7190 16723 1728 3967 16607 1493 14307 14936 22219 3309 9025 25739 18571 18140 10023 9727 30209 23884 10920 23882 18420 18484 28399 3005 11271 10747 2771 12960 3308 14048 17580 5566 6869 11161 15973 1829 30763 5946 10195 8231 7811 31833 27461 2980 4046 3440 2141 17804 10191 2178 4382 29599 8659 30210 32069 15223 9884 20208 18397 14793 30366 20037 2830 32488 1134 29073 3638 13450 4983 27875 31291 20687 12015 5609 10271 31359 3337 
2648 15828 659 12908 5518 3410 5880 27109 6519 27112 4751 25688 32429 26575 3704 5373 28643 14853 6288 7624 25731 8792 13112 24617 16022 10177 601 1526 32741 1780 18853 5798 23133 4405 8223 27839 8120 28013 31965 8081 21594 28541 268 13605 27001 31186 9014 12401 25217 7482 8128 20429 27063 27382 21175 4011 6172 11536 24268 17794 29844 30959 17820 26379 28231 20520 21813 20912 22088 17303 3798 9794 7285 19631 27383 3306 21406 20750 7817 30050 16617 1108 17791 10084 31348 7222 5773 14179 
22845 2766 1072 13178 16959 13109 28398 7330 2782 19540 19679 39 31877 26103 27244 17757 15246 17443 10327 911 5474 1194 23292 29752 31201 17148 11990 21877 9220 11840 13892 20667 13760 17828 1165 14789 19246 12017 31266 14801 18666 23394 9764 15116 27065 28342 24870 10315 20334 7300 1332 21755 6926 28623 26388 8539 20530 12506 29899 12009 1965 23869 7524 14617 13679 26169 26092 26189 1449 10569 20417 9474 5426 22265 29709 26951 2346 15355 30861 24180 18909 8312 16791 24856 25833 12708 1371 21811 
23204 10645 9321 11430 23224 10581 27507 12775 13328 31030 8788 27385 31736 9061 3154 10396 12415 7362 15776 5569 23072 28655 27175 23360 28834 7847 4487 11213 1853 11602 11352 19497 1022 3286 16053 27541 26221 22191 29691 24716 24940 3906 10190 7601 19554 25198 93 29447 12185 3685 32231 28512 28645 28858 9087 30232 23943 27067 7436 23810 10832 2560 1683 9891 2826 15940 14521 11422 2067 28020 16003 20080 16715 15622 22625 30813 10544 28556 12395 5802 31560 4489 9194 18701 29120 26755 17946 27234 
32338 22617 46 16543 2668 13015 29333 26890 654 9608 31612 21674 12531 14795 1684 26875 11125 6953 2581 6374 22699 6118 21763 2543 20564 4054 4784 6577 6904 17778 10114 22407 5324 17707 19190 18061 30679 22271 741 31687 20819 11849 25606 27807 26198 19421 15285 405 19377 18004 1778 16690 13592 27813 23213 10045 16260 30454 8513 31794 15062 14769 20798 16624 14013 3801 363 690 22233 27039 32267 11072 12833 18480 17248 8551 16770 30674 366 19878 8648 24367 3329 22314 11458 17136 25073 11517 
11681 14478 6821 12154 13474 15205 214 3588 19949 6155 7061 11511 8124 8671 24208 10207 13247 26341 24209 17384 28608 21969 12103 26262 387 2657 20041 25782 16880 13296 16216 15765 21363 19017 15844 5743 32676 1209 10194 2602 6179 18280 1405 8516 24262 31464 21243 1547 14583 527 28321 18700 12887 16898 20681 18893 4776 28819 28882 6079 2793 7373 31593 24430 15810 9676 15879 14331 10019 5075 27579 25804 10025 1944 7978 24450 13377 13282 15828 15915 30863 5462 8345 18873 24209 23694 9595 22708 
20735 15980 3749 16939 12790 7854 21165 31984 19798 18626 16918 16133 19049 10971 9753 12625 24773 18244 15524 2967 21619 20469 13732 11433 32080 8292 5504 729 23988 2461 8421 22705 3154 9365 13769 23012 30047 7867 13738 25731 14071 13521 25879 31348 7356 20474 25714 26401 32448 30996 9716 28013 1957 5703 1265 4588 9730 9950 25182 21843 11529 29014 27280 29485 26727 22453 26694 30928 10092 17950 18666 18576 876 28577 13844 23858 25957 19799 26704 24996 3809 5039 5921 28907 10782 4611 10822 4700 
9581 12399 4155 17935 24024 32738 24067 13713 23815 4213 7205 23769 11877 508 25845 16253 3966 731 14356 32294 32683 12572 10042 24642 29426 4542 16435 9720 11304 4687 22568 13921 600 18621 7200 32245 5481 25961 2758 4419 13818 2941 15213 26598 1169 896 5713 17332 3061 31783 25120 6200 23256 19822 19129 1635 24761 29160 17715 16510 4617 10835 29985 27235 6029 32624 30484 18925 3331 5650 13410 23469 4872 2420 9254 8158 14393 16335 7560 13211 32153 27948 7999 2640 31283 14455 12372 23407 
25088 14038 15912 6244 29706 12601 7096 32458 5074 26673 1568 6879 4591 18949 21086 20021 26617 20227 10329 11947 27557 28692 28450 20892 15665 27539 20089 22358 29955 19551 27027 19150 21645 26415 14106 10642 32371 16934 6774 10238 31216 6824 8779 1459 1398 32107 4162 1605 31892 9425 3597 25140 21789 4469 13221 17438 30599 4355 17110 9778 30353 10062 15358 9192 27176 3484 12306 5103 29068 15428 29665 32359 8367 12924 6301 17233 23774 28780 19863 1348 27810 22407 3914 11361 16105 25882 18331 5513 
11617 31525 17247 16845 15909 11115 8478 6693 10395 14533 7446 7013 8604 17083 24195 32366 13014 20309 10782 12449 8559 10031 7652 12442 10219 14284 23064 8986 1872 28716 15243 13380 13192 19361 2843 6413 7942 32478 18042 17646 27053 31569 26161 10203 30445 15539 17636 2169 12079 5341 3031 20108 28787 27101 18609 20910 29239 6729 4224 71 8347 31699 21502 29369 12996 10270 18707 16091 126 3024 3482 8105 23333 27625 26472 17722 28101 21843 17802 24818 26752 10937 26319 16888 31536 17565 18823 5610 
25422 22437 18569 8656 4371 5430 2427 1871 10204 14916 8269 27168 24019 105 3079 2496 32460 9524 28869 9064 5741 31683 13055 12351 1426 15508 22542 21455 1775 1944 20460 3765 26360 19593 3132 2461 29437 3454 2186 3182 25498 12221 10195 30146 17998 20176 2888 18073 10858 17883 17999 5710 5421 25388 5067 714 301 31252 28829 28919 27896 18165 16235 12663 15612 22941 22943 23959 29860 31186 12723 126 2756 14894 27309 24747 23863 11566 2277 32158 1991 28805 8206 5588 8780 694 8820 18681 
10776 5857 13699 10842 6803 23261 12169 22425 31011 25480 8893 26532 22607 13147 6527 17895 5667 3906 26593 19905 22998 5546 13927 14901 5290 19419 10763 15843 2580 5512 19844 22326 8989 19108 8136 13534 4360 24440 27600 16001 821 21235 19867 5549 29765 22337 2165 8978 21119 26783 4729 1006 1906 18029 31061 27592 8924 644 1101 20065 11467 6859 14211 26088 25346 20741 7285 26989 26014 13549 29639 1944 5882 5253 13379 31131 13007 18091 31518 16997 24736 1005 20860 28184 17749 16798 27447 26046 
22566 17193 17116 11064 32442 21926 14071 4470 13456 27051 3217 17646 16799 32613 31478 14406 17465 6375 9404 18772 4661 9921 8704 12873 13645 8917 32755 6953 1733 19814 22934 24447 11854 16498 28097 23630 2089 19778 22122 23114 13967 22591 17700 26696 25169 9991 26854 14836 28348 21696 24846 24258 9407 24749 24997 25895 6480 2814 27877 15880 21259 29677 17912 29811 29468 12550 259 3469 25952 19654 21603 9419 23495 25704 3895 6245 6397 22524 22814 23048 20041 16569 8002 14284 4277 8596 21141 12645 
10607 1554 23386 11677 17775 858 26088 9218 18522 20366 27818 3803 18086 25435 9067 14689 27392 22991 10192 15916 19178 619 6950 18924 28329 22906 2398 30297 4190 23201 16726 20845 22131 25014 603 25808 3384 3541 8939 20884 9166 23217 5311 21538 28741 25641 27145 17524 32513 2076 16378 26245 29026 23165 12935 7942 12196 8106 15725 24659 29187 16633 11890 25509 25891 28564 3310 649 28080 27016 6795 17553 20289 5400 20809 30025 14979 26199 709 22124 1683 17142 31930 16984 6571 22618 22216 21184 
17665 6129 19828 24481 6124 19911 20081 27255 28233 1364 6686 18864 15901 12441 7759 10337 26748 17771 28240 11832 4521 17678 31783 25522 17534 25093 30490 9869 25870 14377 29553 17025 13962 19193 16253 555 30817 15921 2521 19530 24235 31902 15600 8493 27080 16688 13247 3180 24900 13905 11229 24279 30206 8053 6328 17580 20362 16626 15393 3085 2259 31251 10251 12208 24581 17767 3471 31193 7594 4959 32052 21381 30483 13080 31854 5096 28665 15734 5220 25626 32612 13938 15862 2830 31692 22709 20223 13763 
4734 16229 19671 4030 20034 25151 18461 16311 28987 6118 9651 7315 9742 4730 30985 11922 19527 2669 21407 20682 25592 2962 11717 1748 23714 6263 19622 23237 19289 6133 18820 22367 19492 16645 7749 29321 4771 30933 23343 31741 28148 22300 27120 25665 17366 17578 481 28632 18191 26691 12683 10937 27916 21933 8555 12288 26312 13064 29682 6628 8431 18526 26320 11753 3906 11643 6514 6486 18237 2559 7369 20970 11767 7089 12366 28363 15691 30486 20547 3519 9269 13891 31035 6302 18046 2543 17628 32520 

24476 24780 17380 14419 19668 6424 14698 8647 17057 28782 7015 3342 29017 9699 31860 4838 23822 590 17109 32281 27826 15079 20663 25263 29823 25108 438 13666 16278 23167 8610 30546 23783 108 16515 18938 13136 32074 2010 32611 8457 31111 29994 31383 10815 8361 7607 29785 31487 11163 24462 30739 16470 25924 9157 11536 7351 23902 5636 16363 15260 15750 30021 72 18544 29839 25047 1729 19629 11292 19625 30500 14658 15470 27589 13019 7991 4730 22555 4011 23443 15423 14464 26274 14974 3926 7670 3914 
21923 7627 29998 6947 12760 27947 12619 25936 24577 9182 5097 19089 9521 8375 13918 7537 28179 12490 14399 10945 4489 22398 14119 25156 9874 23779 29619 30636 29041 5701 18385 4037 11276 7425 21051 19953 11666 26519 31550 21972 13664 30977 14016 5456 23846 6723 10113 27316 30277 21060 1953 31536 22140 4060 31331 19853 22468 14894 11056 32026 3960 6968 24031 6378 185 22696 21555 828 19985 28401 11429 25915 11862 25247 7780 2792 10450 7143 13979 15188 23712 8323 31474 24850 22361 8125 5463 5868 
16113 1225 27902 27861 21211 855 20646 31007 2164 21097 5663 2542 18078 2402 21257 2797 1195 21344 4830 29503 20606 27852 11827 20409 32748 7984 10042 15694 4456 12104 12172 26570 32736 29019 15141 24772 3554 30667 17584 25293 19459 4076 9990 21742 24193 274 12273 8786 17959 16878 20533 14911 12401 6170 3281 19531 4849 22002 5506 5324 5617 10918 9353 19856 4698 14477 2990 5838 9941 26044 4741 27741 10287 6872 2544 31524 28930 25640 14565 27346 21650 10478 1649 28623 14581 27896 1277 14706 
7287 20594 17105 4212 2620 16894 982 14756 16935 5895 18592 28893 6139 32337 18091 4149 19904 213 13797 14200 28009 1229 5997 2005 26035 1803 22939 18390 28240 32398 32064 918 30533 7767 8239 32046 10129 27001 4348 368 12047 19824 20483 29912 28573 14003 8620 11455 16766 21389 5614 26834 22269 31016 10514 195 851 24299 25018 6718 26827 9221 4129 31519 21028 21322 4772 19426 15159 22847 17282 24154 19674 8304 29664 19622 20483 18442 6160 1122 23601 10405 2322 4634 17671 7010 32603 16644 
2874 14134 10966 25326 21678 30853 3113 21621 12252 1779 29497 4472 9847 3447 18160 28108 25423 22705 31294 17969 28533 12157 21085 15749 19104 6600 25178 23096 25295 2466 24529 6144 12080 6805 13560 16846 29249 23349 29662 10240 26421 21753 3829 1752 24217 17993 31439 12589 3639 17112 7461 21344 6203 11828 11549 25234 3476 17564 26828 3092 28573 9745 17402 14623 29949 6063 29734 31430 5580 28478 32202 29224 8951 23813 9953 2282 27877 2014 29349 3557 15706 12176 2717 2587 10396 18776 14551 25072 
31189 19145 22387 5783 16057 5847 22881 15306 13928 16686 20586 30142 10134 7112 5237 4950 25065 17086 28675 6295 28322 6750 30205 19804 13440 29567 25775 9290 4833 18961 14868 3591 14379 20984 23892 3239 14186 17947 395 7015 8507 11703 9676 16030 9192 3066 22118 20464 30420 11725 4965 23237 5402 2545 92 7417 2929 26445 16738 32726 23891 15750 10587 7487 17758 977 7545 9517 21754 25093 20994 14176 14140 30709 17491 1358 6922 12028 5669 20576 2176 18905 11791 6237 9619 9917 16716 3622 
11764 26531 10943 7845 8759 29920 13108 10752 29237 3579 12009 15122 9903 23742 5197 21275 20020 16013 28679 7606 12612 14327 23098 8460 4533 18059 20743 15944 31062 1261 7252 5707 23507 21801 7884 9888 4056 1350 14375 12978 25465 8735 7340 19772 20434 27758 17908 5634 4074 9258 24816 32703 7902 7699 23854 12894 24891 22411 343 23916 32171 31911 10493 3790 10452 5254 3987 25007 26749 18401 19645 6589 4594 30180 26059 32405 1962 2876 6271 2939 31272 20338 17175 18255 12319 7287 3463 22716 
6617 13440 14343 10931 13273 10771 13005 13592 31936 3682 25372 15803 621 23001 14717 9609 19048 17139 32077 5636 6529 30545 29047 8944 24244 27405 13955 13391 17744 12876 3536 19600 12889 6418 25117 32516 12586 27995 14670 10897 4958 12135 29549 19626 18417 7253 31472 126 11683 18163 19002 32368 25757 13013 27236 12232 25431 9636 20284 10920 21177 8889 13454 10817 30081 17642 24739 22342 7908 27300 28680 29857 31864 26683 3728 17510 14161 13437 16796 14597 12394 17293 10138 18115 23623 1007 20684 26987 
473 12767 5451 12864 24738 29927 3147 29239 538 31664 2208 21603 14928 2585 16002 31921 7124 11654 30349 32469 25301 2938 29195 16772 7047 32361 25718 8676 1991 29895 9785 27457 2050 18021 1207 30465 2899 29693 21390 2266 19179 1292 8989 15170 21686 30687 16452 4135 10556 30705 24938 31201 28869 20084 9413 28773 3008 16686 17365 26299 613 21382 8242 13490 6042 7647 3464 18642 787 12068 31968 13970 5822 11428 27937 29899 21342 9249 17622 24685 12405 17443 31025 22385 7016 28306 9808 14 
29150 22916 31936 4144 31593 12884 10304 10534 9832 30452 5063 7066 3116 31108 11976 10183 89 16931 6068 3558 12175 17157 20417 745 4426 4805 23530 23916 12551 8445 30518 3817 4777 6421 14910 15659 13850 26456 23529 4101 32309 5197 28539 1859 32484 27204 17358 27873 30341 6447 18398 14203 30355 19635 6284 28933 32642 26751 7067 30140 5098 24285 19455 8028 1768 21894 6999 12436 2498 3259 3256 5303 15561 15505 27820 18356 18308 23693 19066 31304 15370 2416 5800 18034 18864 32084 2751 2088 
740 19960 15950 11848 14937 25945 3377 6097 15205 26754 13075 20819 24999 164 16434 18084 21484 14953 19298 15573 26195 28550 1365 10340 26544 28304 4377 13235 24111 21776 17890 2489 30522 20441 15882 14584 11932 13721 22358 17071 28902 12207 2171 10832 15633 25916 12257 6452 2406 23677 16294 27278 28571 1624 27366 13214 25663 10292 14394 7207 32088 6158 7550 6946 3146 32457 2264 27572 3834 5318 31477 20062 15412 3253 5782 27252 12106 8363 18764 25552 30462 30068 29055 30919 2978 18474 9653 15452 
28798 6662 273 16564 1138 20087 6426 17866 17885 28529 191 16484 3517 3080 31895 19782 1559 25917 19565 25765 24473 23832 11771 25054 2686 23543 31990 13160 30386 8229 5195 18183 7990 11182 21673 1603 25799 17522 29759 30489 31674 14969 31687 21744 28971 26758 5315 13775 2902 8943 3334 4044 2373 2219 13175 13000 1452 27309 29202 2649 273 15728 18735 15368 22319 18644 4103 30141 9117 2600 7796 119 22955 31880 17400 27456 5005 15209 12289 25185 23739 13170 12139 1746 31639 21902 25415 23028 
32336 63 21723 4482 3847 4917 2793 26565 21297 24863 1077 15368 23101 29633 15169 5964 24438 22086 5979 26941 25386 23000 28377 4452 24332 2159 32420 2205 6615 14822 31475 16076 24116 32596 7513 204 6366 22681 21506 31400 8708 26679 30266 10766 13807 6500 8750 21760 24804 27741 10231 22733 25164 23804 9684 25920 19218 6029 14775 30743 23373 28638 27652 11446 25375 20117 14229 13341 10972 2246 21249 2328 9839 21957 7966 13493 30714 22329 24260 14075 1469 26482 7124 26585 10041 8701 23929 25693 
11669 23157 5038 23591 19264 30107 23553 21276 7896 22697 918 11103 25931 25316 27246 2941 5948 9585 11241 29927 30120 19817 12426 7846 18889 29744 3323 26698 23610 18946 21073 31011 26461 20174 13200 24500 2298 3400 9330 17765 30504 3130 21860 2680 31857 27162 12498 24126 32561 22242 15780 10123 6207 24604 2825 20839 31951 17212 2419 20486 16279 14899 29923 29179 11569 30273 13414 20904 18369 15627 21215 31481 9687 23533 29960 6482 14487 26001 28852 16837 15639 28097 26967 11657 23816 14201 5575 30887 
17049 2369 4932 14583 9112 7097 27063 331 2010 22134 9527 9450 20190 20236 10449 20288 14509 15980 7817 17363 30212 24689 10396 23161 949 29109 14344 3017 21835 16297 11342 8655 4845 32485 8311 24836 28293 23484 2389 15740 21537 30996 2315 28770 31129 20852 7120 418 4466 11871 495 6629 9474 10721 2834 12482 22997 28263 9921 27442 9808 10452 24102 15941 14740 24784 6931 10772 6821 11107 24646 8439 17100 27588 22251 28408 14137 5739 21858 13703 26093 10861 17219 20335 18903 21769 32415 12552 
6717 29566 9865 6318 2398 26400 28373 9075 22102 28587 24864 6673 13889 32727 12049 2595 22691 16429 31197 32660 2824 13336 13073 29271 16359 13631 31372 15448 31948 14610 7626 11187 29622 5283 7273 1317 19390 12984 21989 2751 23802 28702 17575 23266 25505 4672 27198 15207 28272 3064 20716 9502 3148 1188 18020 9082 32040 21885 13266 23690 27177 28964 14108 21803 26888 27006 24935 17789 20153 1986 16094 4499 5450 10960 2990 14959 22797 24517 14933 23341 12537 26828 12061 1662 26190 9783 21731 6232 
20344 5582 28445 20460 21046 23654 19740 17881 20731 3510 17038 4767 1941 9831 2374 14678 6924 27754 28736 10912 24781 10638 31711 29660 8455 29778 23418 28316 22614 31479 22551 1113 15519 1242 8310 23142 2363 7681 5714 31267 22103 8436 227 18803 32666 4814 18599 26480 24073 1427 8290 16733 22824 29892 16228 29659 4962 20529 4362 19552 13739 10511 32135 32486 7780 13642 12260 25568 30591 7453 32070 21106 30691 18143 20848 27361 21522 5408 17544 25929 8713 19188 15902 14478 13416 2703 18794 11668 
12498 8722 32469 12979 26007 6821 9916 869 8848 15814 31088 30786 6475 1248 8321 4911 2152 10016 23868 7122 13891 14724 30834 24649 32468 5429 24443 28187 30931 30742 4731 22382 30239 5021 18404 22651 25440 32226 26940 28992 19179 14581 19745 18292 32487 17525 21130 25792 11950 27998 16719 9516 27510 20515 5100 27096 24625 16637 3714 25580 16562 3714 18206 3025 13328 21113 830 6306 15951 17645 3729 3037 27965 17792 28415 9567 19611 3842 6633 21391 25981 18754 3762 29657 19700 27940 31358 30558 
1513 12020 18745 16361 14924 25338 18396 18725 3951 4175 15339 29198 6572 9711 5186 31398 13134 1550 5906 2537 15023 23472 12583 20482 31645 28276 19052 6335 18434 26800 17328 25155 964 17347 426 19451 10219 20135 10555 29139 258 710 28916 1961 11455 6927 11224 18689 6886 8520 29027 4347 5482 26022 1739 11907 5077 5275 28037 18632 24043 24303 15115 26607 16778 26642 7645 30216 24533 28337 13253 19521 21906 25479 5472 8281 17103 25206 15066 26200 30156 16854 7673 31358 15637 11277 15709 10105 
9455 30559 25862 23771 9205 12296 24598 10698 31491 2184 30680 20473 19539 9279 25602 728 11750 28729 4151 9992 15142 32331 23248 9746 27081 5727 12508 10840 9720 29196 11109 22348 31153 22122 4598 20959 17258 36 26201 11581 16375 5582 23973 4023 27565 5241 27257 9216 32456 27269 15490 10909 2314 13495 22851 16279 28837 20875 12821 10355 22619 16076 23404 15971 12516 30049 18781 18622 31120 14186 13661 23470 29741 1164 4428 3881 20523 10376 11186 8738 4350 6163 26952 24064 13252 4066 14266 20047 
22568 10756 7595 8373 28806 23924 3065 16680 15696 7151 21571 1631 6064 515 26793 646 20334 19817 18643 19510 8213 3476 16437 21412 337 17034 22929 6169 22172 24051 11197 20898 16921 23151 25510 25352 7872 23853 12181 10242 26044 5562 28593 29610 785 20502 20422 21294 23938 27917 11844 26824 5554 13508 29835 29424 16521 14227 17509 21456 8409 12562 7892 11512 9282 8567 26639 25427 10067 4383 27847 8025 17649 12906 19630 7559 13565 21964 28218 25356 32305 25633 24486 10950 32587 21313 18747 7788 
4974 18645 21709 12301 21957 24425 11912 10169 18537 16834 749 14718 25221 4209 7703 14230 18872 17832 4163 13534 15034 2893 31631 11146 25923 14157 28418 31767 16168 25139 29389 22658 4807 19449 10704 28600 19622 797 11360 27981 19543 504 72 8560 15519 13900 21005 25887 14039 10012 21367 3735 13713 11456 25420 2575 6783 28472 25183 27301 19345 7873 22985 1945 11102 6822 22135 31161 28869 31321 7653 3356 8660 11458 8232 31507 13800 8663 19250 93 8982 12909 9042 9114 23242 14925 17658 16386 
31150 6283 13253 10327 11982 2579 6840 30232 7673 4741 25033 22776 16746 26435 15517 31375 3752 4296 5782 19022 25258 13883 13 17848 31039 18243 220 4303 29613 30750 29728 29389 12952 17389 20797 2837 1830 26962 1570 21097 32609 5437 18126 15453 20957 12291 30226 3340 11418 177 2969 14089 27435 6815 6951 21913 30744 18760 24862 5919 23938 28248 30790 11223 18693 1543 7373 3271 1763 17830 8333 12019 14430 2167 29838 30417 18789 32450 27596 32764 26995 21285 6970 3372 2997 14892 31494 13414 
12907 8226 11551 7024 2448 26918 3317 22664 5309 30593 27776 19285 29771 27702 8835 542 1464 21979 19986 32570 25419 16808 29522 29384 1787 25294 21888 15520 5262 17417 12852 19081 3838 14201 16871 9900 32032 30894 8627 19016 16775 13570 2651 2216 10663 28203 30859 9810 30774 27408 10849 28802 28376 10972 5675 26838 6906 3665 15987 22859 27134 11104 1849 25704 18585 32502 28799 26041 20858 28952 23051 13951 20269 24370 13416 10918 5438 8364 17198 23031 29857 14783 21635 2447 20305 12423 4578 18832 
3896 14425 19995 6934 1103 10070 29851 12909 28166 27200 32238 10625 13286 27277 3458 13973 4469 6842 7342 15160 14682 7394 22258 16245 13249 14223 2945 11595 31745 3280 22524 24669 8572 18316 28801 24041 28615 13077 10468 18686 25100 28928 9020 26346 26028 16693 18338 18418 12328 4162 26933 26695 11329 16373 15458 23861 16990 24105 610 25244 47 15840 3587 23716 25488 9874 1452 8621 19632 3525 1691 8325 23410 3806 3442 14046 15379 5431 18418 19455 9998 27761 13318 953 6204 11020 12291 7581 
320 11060 24622 21612 31522 1502 3455 20943 15162 17428 24996 2632 20304 14989 9289 5481 25857 17281 23959 22084 8292 19131 506 2082 17902 24560 2856 888 15251 17231 8799 20246 9518 8281 16365 20898 8227 27379 25590 14149 25155 4794 19570 24484 16368 150 19573 26642 23937 4754 10419 9731 4072 2539 7491 9668 12433 8038 28835 362 26766 12775 14333 9225 14066 17216 12456 19750 13946 14151 21234 26734 26227 2347 541 3496 31447 27400 32167 15592 30650 952 30671 11013 7140 16109 30036 12878 
24256 25468 23168 15225 1397 25596 18789 13020 4946 7568 13671 24032 6511 30977 20474 9394 10641 8720 12973 9275 28751 18698 27240 7251 14963 8860 18417 3633 27043 6633 6581 7974 7233 26842 12998 5004 3215 2741 25376 30201 27415 15602 17712 16056 14410 586 1175 3961 24935 23568 555 22343 9374 11716 31038 29371 118 32486 2596 7279 12908 3848 19951 16822 2268 28711 22397 3978 3109 6971 17845 19398 17161 13069 19213 20118 5714 26953 20047 12331 6075 14804 2206 32435 12301 28767 17588 4232 
30857 11325 9069 18087 17286 22129 2441 21349 6235 15884 6829 22877 9855 20150 26028 30381 29679 5514 9733 4194 19152 2087 16045 29232 10838 16899 21006 5735 16100 11267 6991 10786 9589 16969 27862 8641 32314 27726 30731 29082 4740 6960 16991 16108 4581 8781 27534 7444 10898 32272 10528 11012 268 32011 6966 9456 19200 32582 24195 15946 4459 16343 32665 22513 24065 23731 13158 26278 22480 4292 30974 7615 4897 21564 2203 12831 6303 22312 13281 18789 26555 2632 7015 26980 30798 10782 23924 31700 
32640 69 8710 14918 31722 20228 10265 5726 19703 6947 14373 29244 22928 18429 8169 15675 2552 14807 7015 18654 6388 29296 20272 27143 48 23513 14305 14954 990 13703 13038 3650 8608 22439 1182 29250 26280 16561 32599 17871 28957 8512 12316 17772 8385 23073 13396 6518 15058 8362 7373 15633 1326 15693 512 20834 7354 6253 11671 12543 2819 2415 32044 22435 24358 7189 25172 29223 19950 16391 9180 10925 7485 5811 17490 1311 24237 21335 12743 24536 15734 24924 8916 27808 25491 17638 17627 13790 
14880 27049 8079 1033 2311 21502 20919 14176 14811 26678 2863 27099 16900 15406 26671 28001 30749 10019 4559 31291 22682 968 18379 8649 32174 22678 14212 22899 20076 23140 17480 12771 10540 32055 9427 3697 3376 1883 31254 28895 1927 23219 17207 11591 26418 26701 21208 6737 31878 569 10652 4521 26577 32668 23015 21681 15168 26368 22758 10611 29696 4846 24784 17369 3748 1215 18539 20256 15047 22959 29649 11146 29170 5683 17012 13395 30144 15245 7776 8679 31039 23453 4288 23634 31130 7930 32676 20984 
2549 28993 30977 9862 5785 18349 12025 20008 25425 13800 2397 26877 18707 17697 28785 29384 30435 16735 13551 6888 14837 28949 14670 22666 4370 27382 16451 3869 3900 32266 1161 22278 20885 24578 32222 16021 3197 5577 30542 5944 29691 19035 23219 8943 862 2010 21885 13824 26660 1759 15023 8428 5146 2062 17962 30369 15045 27629 9518 753 15873 31990 26654 1347 19944 8170 16771 905 16373 24169 13908 18802 24937 32704 9077 26592 18670 9218 15485 18588 27515 5466 26556 10825 30839 17311 7037 6294 
16673 7721 8328 13496 12079 16355 24043 25112 3765 8610 4602 11080 12105 18101 7317 29500 8293 6078 16041 18103 3341 24512 29433 25091 31409 8056 17439 16101 28500 10993 17357 16080 17134 17747 1881 17753 8207 12027 19833 22251 30662 22993 12619 4028 27841 14294 3736 1791 31157 22525 31577 29276 22273 17724 31354 7581 25486 23522 19423 2730 5369 2347 32165 19895 13044 10514 8874 31164 25065 30310 21071 12581 16609 16672 21884 11979 7845 24308 9445 23332 2594 2598 7308 16822 16914 8863 2183 31442 
18393 1344 28420 23934 6573 28022 15242 3507 22522 5391 12162 15049 23045 1612 15349 8751 30159 21559 10391 10847 32572 11574 11269 10769 17012 31713 22859 12207 32138 2577 1705 23818 7516 23097 4503 11083 16826 11002 9222 11052 19658 22769 24297 5480 426 4820 3572 16239 30296 5053 18595 18527 23759 22469 9343 4656 26483 32469 23709 23342 19631 20921 4711 2989 11741 7542 2974 3064 25958 22750 4512 13962 42 18529 21991 14977 26146 5158 32723 591 30275 1115 18345 29363 6566 22473 17115 5608 
4583 26795 17802 1820 1739 5056 32073 12835 5925 5535 10532 15213 28922 21067 4833 9269 13539 15111 11653 32508 10419 18027 32026 18486 32090 11960 11184 14147 11273 27241 28578 7072 11927 4874 10010 6751 5924 11853 19671 24532 19196 3419 10798 6546 25789 13928 27215 19606 445 3210 29386 23489 32422 10699 9554 21132 26467 8061 28352 18423 7744 4301 18267 28098 32332 23451 2134 8160 32002 17289 15002 2089 3881 21330 17094 10831 21753 26718 3700 27667 20863 7315 9919 28088 12611 621 19458 18104 
25639 26449 32481 31415 3730 4126 6798 15029 5582 9222 25669 18055 19375 14748 13337 648 32118 14893 6899 5516 27124 3924 10712 8981 25331 20169 15978 30154 7633 22650 30898 11812 30574 6877 15900 18795 12105 29060 28099 5345 24037 20978 10735 24893 10866 15021 23260 2650 937 6292 20158 10033 24568 5747 6913 30213 18655 2773 8917 22749 13722 30745 26346 30263 30976 21192 632 20987 18091 550 31107 29358 4953 20231 15453 26344 21650 13540 1132 16136 25483 18734 28205 20262 1867 11490 29817 19785 
27148 15454 12552 8154 32228 29043 1587 28761 5284 11195 5630 22095 12033 21293 10837 11908 18161 2286 29334 29297 6488 23146 14928 9208 13028 10916 32075 8531 17461 17866 31944 30027 322 21261 14857 30634 4088 6320 31252 20978 18980 18014 14005 15439 22162 14784 8386 1739 23926 29007 6050 17089 23564 8551 14864 8340 23420 8093 29725 21920 3840 6227 11892 7793 7496 17034 738 12595 6430 1527 6678 13418 27974 18264 5797 3556 16296 20232 12625 7659 4017 32209 27274 15039 5110 17410 30005 67 
6938 3778 16045 18422 29682 8100 14343 23845 8424 636 17563 16735 23197 5488 29119 5418 9683 22354 23510 30964 137 28717 25738 31308 27239 10269 7765 24914 19549 16484 4422 29292 904 25275 15618 30779 4949 6886 31753 10702 17128 3723 11322 16661 10687 26436 16538 21912 28562 8947 8273 20328 17278 15958 30453 1622 20067 28123 23051 24932 9355 22709 26571 2681 31372 2607 17188 2649 8559 3392 4352 24787 3601 26208 23241 27965 28618 24475 31276 15133 6733 23268 29213 1833 18127 7851 22811 4210 
28780 20658 14517 2524 20422 4892 1613 16337 14831 30663 6428 17974 26249 15835 16758 17054 24875 3491 25935 9918 10759 9884 17919 28450 18890 13260 21314 14878 23748 14933 12163 19206 22857 22090 18778 19873 5463 14785 11859 28124 20344 8746 31473 6076 16106 14303 3058 29590 28414 3068 21717 29314 27070 10352 32666 32525 30162 26196 14793 9774 27557 32380 21173 19580 26051 2124 3842 17309 20614 23245 21861 21506 7409 1024 6315 3793 6876 19059 8957 31779 15953 27921 9826 31088 21559 5438 13957 23623 
27181 12068 4025 11587 28089 7239 20282 3898 18082 29792 181 9911 28826 18536 9483 5547 22560 7155 5715 24415 32421 2239 27934 18605 10734 16525 19198 2160 8889 24879 11849 23609 18083 20195 13082 21828 29001 2271 26009 29098 174 11309 2428 21975 30941 6329 31438 14911 2767 27817 3055 24909 654 18924 1245 10652 24731 6678 10161 4202 8845 17515 24173 14410 32508 2617 30196 18456 6301 32108 2650 13874 27822 17756 2142 21477 149 9705 26677 11558 4804 31946 1418 4227 21215 10530 14530 21337 
25889 4436 5508 9798 13564 15129 29305 3553 23295 10704 7760 21417 6653 30485 26118 828 14188 22932 20580 18378 13067 3615 13001 15816 8648 22271 809 3305 12256 1416 2902 24138 3656 16881 24958 748 20300 1378 18933 24168 30326 31309 26165 27102 16305 14082 21796 25391 25006 1662 10389 31852 20359 13188 21520 8078 15778 2544 30934 6759 28121 583 13088 18136 1751 19346 19624 837 31429 10093 30826 3910 16679 19547 31660 8351 26624 16988 26684 17523 16445 28098 19449 24756 10576 15424 31124 27102 
16412 10308 20120 8421 29969 1670 6824 28011 19864 20961 3080 10295 21681 26979 17760 27107 32474 29856 188 12756 1332 25163 25558 31088 31713 13575 27032 1930 10160 4730 1245 6177 22268 18595 24696 11339 16849 15726 24695 5740 13649 31878 18601 5803 3670 22379 11357 7079 18265 19396 2925 31589 7571 9206 16507 14478 4449 1525 9339 10199 17901 25691 2929 2496 1035 1463 32380 27777 25697 5671 22292 27201 25803 30505 8080 6026 27902 16814 23787 13818 1643 11888 9671 32571 19302 22662 10930 7221 
20871 3637 5033 7297 4944 9226 22234 545 7441 32293 27822 13679 265 17368 1287 30036 22222 29041 8647 6074 18927 15443 14993 11844 31703 32076 19923 25404 15604 5410 772 8909 24857 32623 16938 25714 13089 1967 25760 10414 19414 21656 25366 32510 20497 15786 9433 10252 23074 7942 21589 10277 4721 8067 23768 24045 15206 7423 30104 29009 13447 13043 24056 11966 14560 3914 12039 8848 23720 2420 26185 2254 3617 12214 3515 25876 7616 16068 9489 22224 4494 14225 12354 32177 18382 1894 3910 605 
11488 30258 798 5987 2149 20257 1046 1648 9636 30575 19783 7621 23341 26495 16735 4584 13755 14887 3237 10138 19039 17998 10295 14858 29659 30394 8854 29000 32588 21539 20837 15612 3085 30092 20590 26456 8919 19155 29158 21579 18477 30086 1010 16632 3575 9208 3946 5990 26733 8852 29660 10873 18998 6002 1236 28193 19409 7208 3162 32721 25141 10723 22205 4915 26804 2998 11151 5914 549 19249 22513 9912 5442 19254 11793 6929 26703 1288 7664 20655 8189 7077 19305 30103 9613 14678 17775 29565 
14392 27524 17046 18996 11727 28877 1748 28264 9887 11607 22153 143 14487 14692 6846 28701 21933 15911 6826 24311 29053 5335 28283 22827 10803 23553 3923 13534 30892 30498 10384 11910 11224 11381 3664 5465 13155 21770 32052 7172 32148 21272 1893 8609 27765 17044 21205 1763 9780 6146 3272 25492 17609 8588 13970 12354 10457 7761 12194 14389 29658 24575 8383 26532 28025 10916 11410 18984 22584 18113 2405 19824 31068 31137 26666 7223 22534 22504 19647 9587 30624 9839 15216 9167 4474 15695 24510 14684 
4533 8508 4190 29571 23393 18197 21637 19263 6114 13752 20067 30089 5528 31259 12013 6163 31167 8601 5856 13880 18835 11913 2307 27187 3768 15125 20908 16016 6874 15946 1925 15329 11921 10091 2448 32434 1927 17291 7785 27071 6620 8538 6348 18532 30921 26432 9558 30036 12932 20392 9616 22926 9060 16287 15401 22413 1094 11165 28291 30399 14383 16034 32626 25401 7475 30597 26432 5545 25749 12425 3316 14220 13871 17714 9427 6049 8980 19031 22568 17053 11125 3191 6721 5152 23489 18513 20154 21480 
17680 20910 9470 13125 21698 7298 19722 16076 20323 23603 26996 6224 29394 11577 25260 3342 931 31975 32643 23592 18881 9096 26345 16725 16472 25774 28411 6102 31986 18887 23869 10668 4576 2801 31779 32520 28635 31248 10711 16899 2795 9245 17462 2703 18056 7361 5659 9901 27903 10274 10721 13025 13848 14077 9507 5859 8438 26869 4550 15000 9534 2346 14394 1856 32636 14606 28412 2289 7362 15732 864 17476 27026 8682 8077 5198 2045 9801 20937 9426 12557 10890 6391 23732 17761 3291 6749 19633 
20759 11762 25771 30286 1775 4002 25657 32526 30380 16812 27793 9192 702 4311 31533 248 22815 11331 6018 373 29563 13562 29757 3043 25235 27592 13772 16010 26851 29005 544 20518 10370 19536 15793 26848 26699 10838 6595 1917 13370 3699 22504 18134 23832 25185 26311 6024 7003 7631 15387 16876 22856 30715 4095 17482 26714 22403 23912 24905 9703 29817 19443 29354 21249 24757 26337 21558 9115 27247 17759 31477 18668 3341 2059 3233 31513 25657 20405 2906 17934 21815 4450 27035 7596 25205 27543 6765 
32042 23908 24788 29147 5557 27271 7006 27045 20570 3018 7745 7737 10022 9492 1942 6110 6540 12063 18434 13363 16390 3208 29567 17368 17151 13602 3935 12395 14577 11152 398 16054 12235 28947 1303 16678 26005 27552 18409 20095 29782 29238 5596 20687 30006 29550 13551 161 24288 27220 22227 8306 9002 5493 17326 3177 20472 9273 8729 29250 14173 20083 106 17804 25348 2615 825 17428 22223 21484 23837 7841 26301 15521 29623 6625 9233 12965 22002 15268 9649 14417 26504 22600 12236 32041 26057 5236 
32447 3364 10648 12042 14650 2631 19126 10070 19870 9336 2115 5004 16042 17298 6785 15217 9047 6069 20956 19288 24064 992 10023 13136 20166 5825 8489 1692 1331 1483 13144 28515 13598 24202 31204 2729 29390 25139 30455 16510 31330 16256 13628 27765 1647 7866 29598 27224 31212 13335 15954 23322 24907 19527 6423 13837 3817 1866 7868 31317 22184 13700 14819 5277 11482 2835 23302 19721 11362 7520 20407 20843 18453 24308 7980 12217 11111 3470 4090 21695 3651 18034 15137 25361 58 13571 20553 30276 
28384 3988 28491 9821 27507 22140 15091 24458 29630 2408 2309 25104 16957 18166 21373 32389 27010 2687 20251 25151 16087 31795 19231 2060 22565 1900 15954 8483 8469 11068 9541 2651 19316 14664 5597 8603 7900 30426 11279 3986 27537 21553 13289 22952 9385 11804 13522 20532 25968 19911 16914 11503 26122 6868 13461 30121 9050 13229 12779 30522 15907 24601 9364 27836 21869 4622 2427 9975 24619 26823 14016 18461 18970 27157 32698 26552 22508 26106 23101 13024 5798 14452 26904 23729 23111 23959 4066 29436 
4010 3038 29687 27453 26029 18627 3773 31693 4499 11149 13612 5465 12967 17002 14477 4243 6434 19901 1153 25639 29775 17849 24134 30449 11245 24111 10550 25197 26837 31908 21648 14703 4317 21671 22139 10004 14843 7778 22600 31224 22702 7022 30712 28585 11673 24044 17150 21596 13937 1489 20038 19167 9754 26753 3957 20687 10253 22176 23411 21259 29437 29732 11815 26216 28346 22191 8065 30887 29013 24093 10686 3492 22405 31576 9447 23759 31817 22900 7067 25312 21455 7416 23823 15303 11669 11641 28755 22754 
25038 15726 19671 26483 28167 1087 31789 31569 17674 24223 2320 20958 22019 18716 24486 16696 3809 26868 770 10164 24063 5931 15341 28552 30468 8666 9446 31431 24328 14282 14183 2963 1016 12865 15978 31886 25403 12572 21036 23953 917 15646 16689 18593 17996 25736 2696 798 21386 1514 19792 16190 9731 15672 20859 4538 31191 10016 3538 28615 8890 28315 20281 18760 3410 22723 25909 4930 28640 17124 30635 22160 28195 18133 27115 5848 13434 31113 28396 9661 20040 30689 13017 13910 15260 13764 15821 17631 
2578 17266 29660 9903 29940 32021 22098 22122 20645 22682 27199 20600 17728 17854 26675 5046 7292 21612 6470 6763 9939 5446 1371 24445 31715 26754 22182 17381 6676 12023 5740 26720 10619 4471 9994 20327 26110 21088 7993 23394 29881 23918 27280 32025 10401 2515 21323 9835 31335 17034 22858 21826 14240 2280 31325 19142 11554 1396 20414 17105 20657 6904 9439 16291 11739 12248 27494 15832 6688 8611 12406 25751 29782 5864 30513 1547 29516 9035 7291 1047 18350 29143 10240 27973 5416 27030 11896 26112 
1742 95 10538 12804 700 12272 26286 29202 16633 16701 30968 27112 18850 25095 17554 25200 7748 14511 5417 31800 4745 27213 23371 1570 6167 18173 30575 11357 437 4217 13878 5011 431 3821 25072 13412 26492 26630 3426 2836 24735 27724 31687 28544 16587 20147 18964 10583 5450 31340 15744 5254 1952 31489 23364 27124 21355 10913 11679 112 21389 6841 23070 6632 27277 27332 27930 4315 19003 355 32386 31248 24211 23472 5083 3721 24548 26319 25476 29107 20530 6087 23871 10207 26584 13712 7149 20725 
13681 2414 9369 31591 29945 27005 5816 9061 25136 20876 12719 12880 2623 32302 21398 4720 24734 15887 21820 10985 6965 28037 26475 22507 6594 20583 21869 13098 23674 15906 20686 16526 19955 21513 10852 21291 25665 8685 7309 15987 23904 1262 2744 10154 6866 9360 23079 2971 24712 17938 18419 19594 31494 27131 24656 23657 4291 26613 31506 22351 8910 31966 24944 8741 183 32541 264 24995 13229 11570 20516 23931 9444 19089 18236 9171 826 32433 5052 249 11289 10848 26630 8018 7071 10073 3259 25492 
10236 9752 5943 22837 3100 7661 26970 17188 1415 848 24206 9398 2437 14452 18949 22243 21893 27679 10819 32178 24255 23224 13789 29170 25881 9634 9600 29483 11591 13512 24372 13780 9783 22137 26338 8646 32172 4471 14356 21745 26665 23882 27901 15950 8208 13530 22201 25876 24587 14141 27350 12335 23723 19150 10770 16878 335 30335 25702 15356 29768 25968 32324 32657 9786 18624 6942 15849 28869 2979 20775 27894 2149 3508 19037 29778 17815 22413 30407 9847 2366 32149 13307 23090 16452 9498 3556 14421 
19076 24480 31938 4525 18664 20600 17522 20787 5838 20628 22768 24198 29361 1177 27674 1177 6661 6454 2231 12457 23650 6581 24247 7539 27109 5327 9404 16035 24788 965 13018 143 24192 10156 15003 12325 6000 20744 16455 7970 15035 17821 14690 22662 9398 14466 29813 31044 9423 2167 11794 317 23225 14456 30482 12399 28362 22163 20513 17514 10657 17654 7805 10756 12043 6476 24058 30542 24616 1610 13386 16839 10441 900 18811 9423 15389 10118 2497 3166 1165 26656 13430 6133 19172 13569 23647 10709 
22707 8327 15665 30320 6644 2774 2643 10269 493 808 6886 27407 14167 21348 5891 30088 19392 27121 2627 24650 558 5580 32645 25423 26885 18648 2539 19129 19242 21622 24358 14348 15465 21590 26356 923 17684 15245 25574 21056 28909 14311 6503 13136 17734 24446 4858 23246 25191 23691 28867 19423 21552 2941 23881 1918 22016 16200 4218 4977 3541 8192 1008 28028 692 22438 15474 16084 21067 322 19646 25558 27093 3633 30085 7161 17982 5569 1720 30210 32647 17147 26114 19575 9069 21696 24214 26197 
9029 25624 7722 4101 22827 25798 835 16525 26715 5152 8372 7940 31967 18973 6753 31816 11883 24752 16201 5363 2693 9556 1220 12170 2536 2280 18184 27384 29995 446 29426 20795 31902 21487 32004 606 1909 13297 18858 2983 32296 30571 27329 16145 5145 18503 22105 7932 21624 3593 31418 12836 30307 352 21414 21456 15442 7675 25822 21580 25267 26270 15848 32152 25041 12149 27406 20578 1786 25256 30634 3378 10465 29487 26017 24037 31553 29160 15918 13148 17859 30951 8161 11125 546 24845 28135 4922 
9613 30172 1163 22873 6477 7049 5885 1237 9895 6995 6738 1018 23044 2580 25037 26518 8527 32022 20573 24166 10655 295 17254 1231 16406 2032 6852 23758 14857 16258 526 562 10336 2098 24343 28425 23104 31911 2491 25688 29416 16433 12504 19215 5849 1884 4250 8507 29754 3782 24060 18302 10874 29741 2955 17084 21815 9676 19309 17944 15967 23528 29347 6431 31637 20646 8587 11842 31446 10783 21929 32138 16988 19126 18598 30599 26562 31658 16537 9354 618 9703 13702 17428 7452 3362 28708 141 
27375 16676 1508 2873 17261 14694 22062 13417 10738 20191 27886 21486 25685 2074 28239 5587 25802 27531 28614 32588 2823 19491 25171 16361 166 17442 29188 8975 13515 21037 32442 13737 15110 19616 4655 29723 4475 7973 30520 5239 4672 1670 22088 16628 5126 16063 31542 22172 32252 22360 10304 31812 21232 8689 6735 9665 30647 28447 8829 22361 14544 3446 30932 15736 21316 16103 11352 27812 1232 6221 21576 23987 26438 32578 26274 31292 6961 14903 22501 19787 1464 18116 26650 11353 9669 27196 16661 27771 
17510 12421 18937 30681 1139 19750 21498 22370 5489 4770 1127 1214 3510 29701 8167 6276 12238 17596 6915 10414 7966 10921 5092 27466 18375 30327 6494 29042 32205 22059 25390 3709 6009 5628 24448 16247 1787 25445 14773 9935 14164 18040 15970 28752 12403 17781 16540 12626 18078 26267 25715 6450 22804 1086 29372 1535 25585 10010 6676 20854 26961 23271 16673 27185 30136 12590 19995 3355 17330 26202 1931 13095 17078 23826 29267 1858 1360 25542 20719 30854 23168 30856 10234 15536 5725 32542 27636 22228 
19965 7509 15426 30287 2713 12696 20342 16894 14317 6080 29905 25517 20958 12334 20230 26578 5471 23831 11329 17788 14485 27168 8040 8838 28217 4651 16033 10256 14399 6000 11028 31535 19893 8655 17906 11748 6125 22372 14006 15435 2782 25437 9899 27157 23752 24328 21934 5176 24855 20784 27701 19173 2698 14250 11920 18363 22676 20267 30063 5178 13315 3421 4005 29818 32479 305 28971 27165 23445 3446 21352 25474 28500 12715 10927 27451 9144 21777 5386 27586 11174 18437 9782 23399 20343 28557 13550 25741 
17496 20273 3437 24086 4848 25868 11566 10268 20804 3106 27638 16610 13272 22772 13844 9738 14871 9298 15335 22024 31221 14449 15010 1494 20179 21565 16972 24297 28579 30960 7435 22885 12364 13796 15265 1677 29264 26277 19255 24445 2220 5963 22618 27675 4864 775 9027 22091 5103 24827 2395 15714 18121 29519 10238 24030 30823 3201 7295 24916 26455 32508 1389 27305 28474 10989 10517 12933 873 7762 25928 18437 15583 31571 19551 18864 32595 6358 4987 10925 31140 4430 13842 22579 1402 13267 29351 21312 
